prec: 0.3242715282570355 rec: 0.25478186253380053 f1: 0.2612273066103137 acc: 0.4533333333333333 
avg_prec: 0.3242715282570355 total_rec: 0.25478186253380053 total_f1: 0.2612273066103137 total_acc: 0.4533333333333333 
