prec: 0.2962511650334148 rec: 0.20302735935810873 f1: 0.19705951826449056 acc: 0.4266666666666667 
avg_prec: 0.2962511650334148 total_rec: 0.20302735935810873 total_f1: 0.19705951826449056 total_acc: 0.4266666666666667 
