prec: 0.21695633664649158 rec: 0.16548354016054273 f1: 0.14249094880702362 acc: 0.3933333333333333 
avg_prec: 0.21695633664649158 total_rec: 0.16548354016054273 total_f1: 0.14249094880702362 total_acc: 0.3933333333333333 
