prec: 0.3586970112397236 rec: 0.2561631889151269 f1: 0.2644238229750409 acc: 0.45 
avg_prec: 0.3586970112397236 total_rec: 0.2561631889151269 total_f1: 0.2644238229750409 total_acc: 0.45 
