prec: 0.35006780805298326 rec: 0.30441451190805197 f1: 0.3091016323650791 acc: 0.43666666666666665 
avg_prec: 0.35006780805298326 total_rec: 0.30441451190805197 total_f1: 0.3091016323650791 total_acc: 0.43666666666666665 
