prec: 0.32457131847375753 rec: 0.34066339602515305 f1: 0.3289585160499007 acc: 0.4266666666666667 
avg_prec: 0.32457131847375753 total_rec: 0.34066339602515305 total_f1: 0.3289585160499007 total_acc: 0.4266666666666667 
