prec: 0.4167839176248125 rec: 0.3066599324997258 f1: 0.32911820026040217 acc: 0.41 
avg_prec: 0.4167839176248125 total_rec: 0.3066599324997258 total_f1: 0.32911820026040217 total_acc: 0.41 
