prec: 0.3515651749443481 rec: 0.34228938098447137 f1: 0.34560090274929484 acc: 0.43666666666666665 
avg_prec: 0.3515651749443481 total_rec: 0.34228938098447137 total_f1: 0.34560090274929484 total_acc: 0.43666666666666665 
