prec: 0.31135072558720495 rec: 0.32136688609556824 f1: 0.31421510856293466 acc: 0.42333333333333334 
avg_prec: 0.31135072558720495 total_rec: 0.32136688609556824 total_f1: 0.31421510856293466 total_acc: 0.42333333333333334 
