prec: 0.3686909507561682 rec: 0.33650797345887784 f1: 0.34717785603379014 acc: 0.43 
avg_prec: 0.3686909507561682 total_rec: 0.33650797345887784 total_f1: 0.34717785603379014 total_acc: 0.43 
