prec: 0.3562117776403491 rec: 0.3316483227981936 f1: 0.3342826771073432 acc: 0.4666666666666667 
avg_prec: 0.3562117776403491 total_rec: 0.3316483227981936 total_f1: 0.3342826771073432 total_acc: 0.4666666666666667 
