prec: 0.37042354310565806 rec: 0.33541156370613734 f1: 0.3428272210880906 acc: 0.4766666666666667 
avg_prec: 0.37042354310565806 total_rec: 0.33541156370613734 total_f1: 0.3428272210880906 total_acc: 0.4766666666666667 
