prec: 0.3714201074400079 rec: 0.32389919734880973 f1: 0.3310421301593709 acc: 0.44666666666666666 
avg_prec: 0.3714201074400079 total_rec: 0.32389919734880973 total_f1: 0.3310421301593709 total_acc: 0.44666666666666666 
