prec: 0.33815153822337735 rec: 0.3193934706208608 f1: 0.32478574505524993 acc: 0.43333333333333335 
avg_prec: 0.33815153822337735 total_rec: 0.3193934706208608 total_f1: 0.32478574505524993 total_acc: 0.43333333333333335 
