prec: 0.3695054469364895 rec: 0.3441902603401311 f1: 0.3489112504901979 acc: 0.45666666666666667 
avg_prec: 0.3695054469364895 total_rec: 0.3441902603401311 total_f1: 0.3489112504901979 total_acc: 0.45666666666666667 
