prec: 0.3447121665237607 rec: 0.34569099653078983 f1: 0.3415518444047392 acc: 0.43 
avg_prec: 0.3447121665237607 total_rec: 0.34569099653078983 total_f1: 0.3415518444047392 total_acc: 0.43 
