prec: 0.3984603421036059 rec: 0.3452182568461638 f1: 0.3591309762362394 acc: 0.47 
avg_prec: 0.3984603421036059 total_rec: 0.3452182568461638 total_f1: 0.3591309762362394 total_acc: 0.47 
